image: map.pgm
resolution: 0.050000
origin: [-0.500000, -0.500000, 0.000000]
negate: 0
occupied_thresh: 0.650000
free_thresh: 0.250000
